   1000.0000   300.0000    14.0000
     10.0000   300.0061    14.0000   -14.9400     0.0000
     35.0000   300.0291    14.0000   -14.7900     0.0000
    100.0000   300.1083    14.0000   -14.4000     0.0000
    200.0000   300.2575    14.0000   -13.8000     0.0000
    300.0000   300.4275    14.0000   -13.2000     0.0000
    400.0000   300.6125    14.0000   -12.6000     0.0000
    500.0000   300.8095    14.0000   -12.0000     0.0000
    600.0000   301.0167    14.0000   -11.4000     0.0000
    700.0000   301.2327    14.0000   -10.8000     0.0000
    800.0000   301.4566    14.0000   -10.2000     0.0000
    900.0000   301.6877    14.0000    -9.6000     0.0000
   1000.0000   301.9253    14.0000    -9.0000     0.0000
   1100.0000   302.1689    14.0000    -8.4000     0.0000
   1200.0000   302.4181    14.0000    -7.8000     0.0000
   1300.0000   302.6725    13.5382    -7.2000     0.0000
   1400.0000   302.9319    13.0125    -6.6000     0.0000
   1500.0000   303.1960    12.5060    -6.0000     0.0000
   1600.0000   303.4645    12.0180    -5.4000     0.0000
   1700.0000   303.7372    11.5477    -4.8000     0.0000
   1800.0000   304.0140    11.0945    -4.2000     0.0000
   1900.0000   304.2947    10.6575    -3.6000     0.0000
   2000.0000   304.5791    10.2363    -3.0000     0.0000
   2100.0000   304.8671     9.8303    -2.4000     0.0000
   2200.0000   305.1584     9.4388    -1.8000     0.0000
   2300.0000   305.4532     9.0613    -1.2000     0.0000
   2400.0000   305.7512     8.6974    -0.6000     0.0000
   2500.0000   306.0522     8.3465     0.0000     0.0000
   2600.0000   306.3564     8.0083     0.6000     0.0000
   2700.0000   306.6634     7.6823     1.2000     0.0000
   2800.0000   306.9733     7.3680     1.8000     0.0000
   2900.0000   307.2860     7.0650     2.4000     0.0000
   3000.0000   307.6014     6.7731     3.0000     0.0000
   3100.0000   307.9194     6.4917     3.6000     0.0000
   3200.0000   308.2401     6.2206     4.2000     0.0000
   3300.0000   308.5632     5.9594     4.8000     0.0000
   3400.0000   308.8887     5.7077     5.4000     0.0000
   3500.0000   309.2167     5.4653     6.0000     0.0000
   3600.0000   309.5471     5.2319     6.6000     0.0000
   3700.0000   309.8797     5.0072     7.2000     0.0000
   3800.0000   310.2146     4.7908     7.8000     0.0000
   3900.0000   310.5517     4.5825     8.4000     0.0000
   4000.0000   310.8910     4.3820     9.0000     0.0000
   4100.0000   311.2324     4.1891     9.5850     0.0000
   4200.0000   311.5759     4.0036    10.1400     0.0000
   4300.0000   311.9214     3.8251    10.6650     0.0000
   4400.0000   312.2690     3.6535    11.1600     0.0000
   4500.0000   312.6185     3.4885    11.6250     0.0000
   4600.0000   312.9700     3.3299    12.0600     0.0000
   4700.0000   313.3234     3.1775    12.4650     0.0000
   4800.0000   313.6786     3.0311    12.8400     0.0000
   4900.0000   314.0358     2.8905    13.1850     0.0000
   5000.0000   314.3947     2.7555    13.5000     0.0000
   5100.0000   314.7555     2.6258    13.7850     0.0000
   5200.0000   315.1181     2.5014    14.0400     0.0000
   5300.0000   315.4823     2.3821    14.2650     0.0000
   5400.0000   315.8484     2.2676    14.4600     0.0000
   5500.0000   316.2161     2.1578    14.6250     0.0000
   5600.0000   316.5854     2.0526    14.7600     0.0000
   5700.0000   316.9565     1.9517    14.8650     0.0000
   5800.0000   317.3291     1.8551    14.9400     0.0000
   5900.0000   317.7034     1.7625    14.9850     0.0000
   6000.0000   318.0793     1.6740    15.0000     0.0000
   6100.0000   318.4567     1.5892    15.0000     0.0000
   6200.0000   318.8357     1.5080    15.0000     0.0000
   6300.0000   319.2162     1.4304    15.0000     0.0000
   6400.0000   319.5982     1.3563    15.0000     0.0000
   6500.0000   319.9818     1.2854    15.0000     0.0000
   6600.0000   320.3668     1.2176    15.0000     0.0000
   6700.0000   320.7532     1.1529    15.0000     0.0000
   6800.0000   321.1411     1.0912    15.0000     0.0000
   6900.0000   321.5305     1.0323    15.0000     0.0000
   7000.0000   321.9212     0.9760    15.0000     0.0000
   7100.0000   322.3134     0.9224    15.0000     0.0000
   7200.0000   322.7069     0.8713    15.0000     0.0000
   7300.0000   323.1018     0.8227    15.0000     0.0000
   7400.0000   323.4980     0.7763    15.0000     0.0000
   7500.0000   323.8956     0.7322    15.0000     0.0000
   7600.0000   324.2946     0.6902    15.0000     0.0000
   7700.0000   324.6948     0.6503    15.0000     0.0000
   7800.0000   325.0963     0.6123    15.0000     0.0000
   7900.0000   325.4991     0.5763    15.0000     0.0000
   8000.0000   325.9033     0.5420    15.0000     0.0000
   8100.0000   326.3086     0.5095    15.0000     0.0000
   8200.0000   326.7152     0.4787    15.0000     0.0000
   8300.0000   327.1231     0.4494    15.0000     0.0000
   8400.0000   327.5322     0.4217    15.0000     0.0000
   8500.0000   327.9425     0.3954    15.0000     0.0000
   8600.0000   328.3540     0.3706    15.0000     0.0000
   8700.0000   328.7668     0.3470    15.0000     0.0000
   8800.0000   329.1807     0.3248    15.0000     0.0000
   8900.0000   329.5958     0.3038    15.0000     0.0000
   9000.0000   330.0120     0.2839    15.0000     0.0000
   9100.0000   330.4294     0.2652    15.0000     0.0000
   9200.0000   330.8480     0.2475    15.0000     0.0000
   9300.0000   331.2677     0.2308    15.0000     0.0000
   9400.0000   331.6885     0.2151    15.0000     0.0000
   9500.0000   332.1104     0.2003    15.0000     0.0000
   9600.0000   332.5335     0.1863    15.0000     0.0000
   9700.0000   332.9577     0.1732    15.0000     0.0000
   9800.0000   333.3829     0.1609    15.0000     0.0000
   9900.0000   333.8093     0.1494    15.0000     0.0000
  10000.0000   334.2367     0.1385    15.0000     0.0000
  10100.0000   334.6652     0.1283    15.0000     0.0000
  10200.0000   335.0948     0.1188    15.0000     0.0000
  10300.0000   335.5254     0.1099    15.0000     0.0000
  10400.0000   335.9570     0.1015    15.0000     0.0000
  10500.0000   336.3897     0.0937    15.0000     0.0000
  10600.0000   336.8234     0.0864    15.0000     0.0000
  10700.0000   337.2582     0.0796    15.0000     0.0000
  10800.0000   337.6939     0.0732    15.0000     0.0000
  10900.0000   338.1307     0.0673    15.0000     0.0000
  11000.0000   338.5685     0.0618    15.0000     0.0000
  11100.0000   339.0073     0.0567    15.0000     0.0000
  11200.0000   339.4471     0.0519    15.0000     0.0000
  11300.0000   339.8878     0.0475    15.0000     0.0000
  11400.0000   340.3295     0.0434    15.0000     0.0000
  11500.0000   340.7722     0.0396    15.0000     0.0000
  11600.0000   341.2159     0.0361    15.0000     0.0000
  11700.0000   341.6605     0.0328    15.0000     0.0000
  11800.0000   342.1060     0.0298    15.0000     0.0000
  11900.0000   342.5526     0.0270    15.0000     0.0000
  12000.0000   343.0000     0.0245    15.0000     0.0000
  12100.0000   344.5744     0.0249    15.0000     0.0000
  12200.0000   346.1560     0.0254    15.0000     0.0000
  12300.0000   347.7448     0.0258    15.0000     0.0000
  12400.0000   349.3410     0.0263    15.0000     0.0000
  12500.0000   350.9445     0.0268    15.0000     0.0000
  12600.0000   352.5553     0.0273    15.0000     0.0000
  12700.0000   354.1736     0.0278    15.0000     0.0000
  12800.0000   355.7993     0.0283    15.0000     0.0000
  12900.0000   357.4324     0.0288    15.0000     0.0000
  13000.0000   359.0730     0.0294    15.0000     0.0000
  13100.0000   360.7212     0.0299    15.0000     0.0000
  13200.0000   362.3769     0.0304    15.0000     0.0000
  13300.0000   364.0402     0.0310    15.0000     0.0000
  13400.0000   365.7112     0.0316    15.0000     0.0000
  13500.0000   367.3898     0.0322    15.0000     0.0000
  13600.0000   369.0761     0.0328    15.0000     0.0000
  13700.0000   370.7702     0.0334    15.0000     0.0000
  13800.0000   372.4721     0.0340    15.0000     0.0000
  13900.0000   374.1817     0.0346    15.0000     0.0000
  14000.0000   375.8992     0.0352    15.0000     0.0000
  14100.0000   377.6246     0.0359    15.0000     0.0000
  14200.0000   379.3579     0.0366    15.0000     0.0000
  14300.0000   381.0992     0.0372    15.0000     0.0000
  14400.0000   382.8484     0.0379    15.0000     0.0000
  14500.0000   384.6057     0.0386    15.0000     0.0000
  14600.0000   386.3711     0.0393    15.0000     0.0000
  14700.0000   388.1445     0.0401    15.0000     0.0000
  14800.0000   389.9261     0.0408    15.0000     0.0000
  14900.0000   391.7159     0.0416    15.0000     0.0000
  15000.0000   393.5139     0.0424    15.0000     0.0000
  15100.0000   395.3202     0.0431    15.0000     0.0000
  15200.0000   397.1347     0.0439    15.0000     0.0000
  15300.0000   398.9575     0.0448    15.0000     0.0000
  15400.0000   400.7887     0.0456    15.0000     0.0000
  15500.0000   402.6284     0.0465    15.0000     0.0000
  15600.0000   404.4764     0.0473    15.0000     0.0000
  15700.0000   406.3330     0.0482    15.0000     0.0000
  15800.0000   408.1981     0.0491    15.0000     0.0000
  15900.0000   410.0717     0.0500    15.0000     0.0000
  16000.0000   411.9540     0.0510    15.0000     0.0000
  16100.0000   413.8449     0.0519    15.0000     0.0000
  16200.0000   415.7444     0.0529    15.0000     0.0000
  16300.0000   417.6527     0.0539    15.0000     0.0000
  16400.0000   419.5698     0.0549    15.0000     0.0000
  16500.0000   421.4956     0.0559    15.0000     0.0000
  16600.0000   423.4303     0.0570    15.0000     0.0000
  16700.0000   425.3738     0.0580    15.0000     0.0000
  16800.0000   427.3263     0.0591    15.0000     0.0000
  16900.0000   429.2878     0.0602    15.0000     0.0000
  17000.0000   431.2582     0.0614    15.0000     0.0000
  17100.0000   433.2377     0.0625    15.0000     0.0000
  17200.0000   435.2263     0.0637    15.0000     0.0000
  17300.0000   437.2240     0.0649    15.0000     0.0000
  17400.0000   439.2308     0.0661    15.0000     0.0000
  17500.0000   441.2469     0.0674    15.0000     0.0000
  17600.0000   443.2723     0.0687    15.0000     0.0000
  17700.0000   445.3069     0.0700    15.0000     0.0000
  17800.0000   447.3509     0.0713    15.0000     0.0000
  17900.0000   449.4042     0.0726    15.0000     0.0000
  18000.0000   451.4670     0.0740    15.0000     0.0000
  18100.0000   453.5393     0.0754    15.0000     0.0000
  18200.0000   455.6210     0.0768    15.0000     0.0000
  18300.0000   457.7123     0.0783    15.0000     0.0000
  18400.0000   459.8133     0.0798    15.0000     0.0000
  18500.0000   461.9238     0.0813    15.0000     0.0000
  18600.0000   464.0441     0.0828    15.0000     0.0000
  18700.0000   466.1740     0.0844    15.0000     0.0000
  18800.0000   468.3138     0.0860    15.0000     0.0000
  18900.0000   470.4633     0.0877    15.0000     0.0000
  19000.0000   472.6228     0.0893    15.0000     0.0000
  19100.0000   474.7922     0.0910    15.0000     0.0000
  19200.0000   476.9715     0.0928    15.0000     0.0000
  19300.0000   479.1608     0.0945    15.0000     0.0000
  19400.0000   481.3601     0.0964    15.0000     0.0000
  19500.0000   483.5696     0.0982    15.0000     0.0000
  19600.0000   485.7892     0.1001    15.0000     0.0000
  19700.0000   488.0190     0.1020    15.0000     0.0000
  19800.0000   490.2590     0.1039    15.0000     0.0000
  19900.0000   492.5093     0.1059    15.0000     0.0000
  20000.0000   494.7699     0.1080    15.0000     0.0000
  20500.0000   506.2297     0.1188    15.0000     0.0000
  21000.0000   517.9549     0.1307    15.0000     0.0000
  21500.0000   529.9517     0.1438    15.0000     0.0000
  22000.0000   542.2263     0.1584    15.0000     0.0000
  22500.0000   554.7853     0.1744    15.0000     0.0000
  23000.0000   567.6351     0.1922    15.0000     0.0000
  23500.0000   580.7826     0.2118    15.0000     0.0000
  24000.0000   594.2346     0.2336    15.0000     0.0000
  24500.0000   607.9981     0.2577    15.0000     0.0000
  25000.0000   622.0805     0.2844    15.0000     0.0000
  25500.0000   636.4890     0.3139    15.0000     0.0000
  26000.0000   651.2312     0.3467    15.0000     0.0000
  26500.0000   666.3149     0.3831    15.0000     0.0000
  27000.0000   681.7480     0.4235    15.0000     0.0000
  27500.0000   697.5385     0.4683    15.0000     0.0000
  28000.0000   713.6947     0.5182    15.0000     0.0000
  28500.0000   730.2252     0.5736    15.0000     0.0000
  29000.0000   747.1385     0.6353    15.0000     0.0000
  29500.0000   764.4437     0.7039    15.0000     0.0000
  30000.0000   782.1495     0.7804    15.0000     0.0000
